DIMENSION : 76
VEHICLES : 3
SETS : 38
CAPACITY : 280
EDGE_WEIGHT_TYPE : EUC_2D
NODE_COORD_SECTION
1 40 40
2 22 22
3 36 26
4 21 45
5 45 35
6 55 20
7 33 34
8 50 50
9 55 45
10 26 59
11 40 66
12 55 65
13 35 51
14 62 35
15 62 57
16 62 24
17 21 36
18 33 44
19 9 56
20 62 48
21 66 14
22 44 13
23 26 13
24 11 28
25 7 43
26 17 64
27 41 46
28 55 34
29 35 16
30 52 26
31 43 26
32 31 76
33 22 53
34 26 29
35 50 40
36 55 50
37 54 10
38 60 15
39 47 66
40 30 60
41 30 50
42 12 17
43 15 14
44 16 19
45 21 48
46 50 30
47 51 42
48 50 15
49 48 21
50 12 38
51 15 56
52 29 39
53 54 38
54 55 57
55 67 41
56 10 70
57 6 25
58 65 27
59 40 60
60 70 64
61 64 4
62 36 6
63 30 20
64 20 30
65 15 5
66 50 70
67 57 72
68 45 42
69 38 33
70 50 4
71 66 8
72 59 5
73 35 60
74 27 24
75 40 20
76 40 37
SET_SECTION
1 61 71 72 -1
2 56 -1
3 60 -1
4 42 43 44 -1
5 5 35 69 76 -1
6 11 39 -1
7 4 45 -1
8 62 -1
9 55 -1
10 6 30 49 -1
11 34 64 74 -1
12 54 15 -1
13 10 33 40 -1
14 67 12 66 -1
15 75 29 31 -1
16 19 51 -1
17 70 37 -1
18 25 50 -1
19 32 -1
20 9 36 47 -1
21 13 41 -1
22 23 -1
23 58 16 -1
24 65 -1
25 24 57 -1
26 21 38 -1
27 28 14 46 53 -1
28 52 7 18 -1
29 17 -1
30 26 -1
31 2 -1
32 20 -1
33 22 48 -1
34 27 68 -1
35 63 -1
36 73 59 -1
37 3 -1
38 8 -1
DEMAND_SECTION
1 9
2 7
3 24
4 14
5 19
6 25
7 14
8 15
9 16
10 18
11 14
12 26
13 24
14 27
15 20
16 17
17 10
18 16
19 25
20 17
21 24
22 12
23 11
24 28
25 16
26 18
27 17
28 17
29 19
30 14
31 18
32 15
33 23
34 24
35 18
36 11
37 26
38 15
EOF