DIMENSION : 32
VEHICLES : 2
SETS : 16
CAPACITY : 100
EDGE_WEIGHT_TYPE : EUC_2D
NODE_COORD_SECTION
1 82 76
2 96 44
3 50 5
4 49 8
5 13 7
6 29 89
7 58 30
8 84 39
9 14 24
10 2 39
11 3 82
12 5 10
13 98 52
14 84 25
15 61 59
16 1 65
17 88 51
18 91 2
19 19 32
20 93 3
21 50 93
22 98 14
23 5 42
24 42 9
25 61 62
26 9 97
27 80 55
28 57 69
29 23 15
30 20 70
31 85 60
32 98 5
SET_SECTION
1 12 5 -1
2 13 2 -1
3 26 11 -1
4 18 20 22 32 -1
5 28 15 25 -1
6 4 3 24 -1
7 16 -1
8 10 23 -1
9 21 -1
10 7 -1
11 14 8 -1
12 6 -1
13 30 -1
14 29 -1
15 27 17 31 -1
16 19 9 -1
DEMAND_SECTION
1 16
2 20
3 16
4 16
5 15
6 11
7 22
8 10
9 8
10 12
11 16
12 7
13 2
14 15
15 11
16 3
EOF