DIMENSION : 31
VEHICLES : 3
SETS : 16
CAPACITY : 100
EDGE_WEIGHT_TYPE : EUC_2D
NODE_COORD_SECTION
1 17 76
2 24 6
3 96 29
4 14 19
5 14 32
6 0 34
7 16 22
8 20 26
9 22 28
10 17 23
11 98 30
12 30 8
13 23 27
14 19 23
15 34 7
16 31 7
17 0 37
18 19 23
19 0 36
20 26 7
21 98 32
22 5 40
23 17 26
24 21 26
25 28 8
26 1 35
27 27 28
28 99 30
29 26 28
30 17 29
31 20 26
SET_SECTION
1 28 11 21 -1
2 6 26 -1
3 15 -1
4 9 13 -1
5 4 -1
6 2 20 -1
7 5 -1
8 22 -1
9 14 18 -1
10 27 29 -1
11 12 16 25 -1
12 23 30 -1
13 3 -1
14 7 10 -1
15 8 24 31 -1
16 17 19 -1
DEMAND_SECTION
1 11
2 12
3 10
4 13
5 13
6 15
7 17
8 2
9 15
10 16
11 14
12 15
13 3
14 12
15 20
16 15
EOF