DIMENSION : 33
VEHICLES : 3
SETS : 17
CAPACITY : 100
EDGE_WEIGHT_TYPE : EUC_2D
NODE_COORD_SECTION
1 42 68
2 77 97
3 28 64
4 77 39
5 32 33
6 32 8
7 42 92
8 8 3
9 7 14
10 82 17
11 48 13
12 53 82
13 39 27
14 7 24
15 67 98
16 54 52
17 72 43
18 73 3
19 59 77
20 58 97
21 23 43
22 68 98
23 47 62
24 52 72
25 32 88
26 39 7
27 17 8
28 38 7
29 58 74
30 82 67
31 42 7
32 68 82
33 7 48
SET_SECTION
1 8 27 -1
2 2 22 -1
3 10 -1
4 3 -1
5 13 5 -1
6 7 25 -1
7 30 -1
8 16 23 -1
9 33 -1
10 4 17 -1
11 19 12 24 29 32 -1
12 14 9 -1
13 6 26 28 -1
14 11 31 -1
15 18 -1
16 20 15 -1
17 21 -1
DEMAND_SECTION
1 10
2 7
3 18
4 23
5 11
6 15
7 8
8 18
9 3
10 12
11 14
12 16
13 15
14 20
15 24
16 11
17 8
EOF