DIMENSION : 121
VEHICLES : 4
SETS : 61
CAPACITY : 200
EDGE_WEIGHT_TYPE : EUC_2D
NODE_COORD_SECTION
1 10 45
2 25 1
3 25 3
4 31 5
5 32 5
6 31 7
7 32 9
8 34 9
9 46 9
10 35 7
11 34 6
12 35 5
13 47 6
14 40 5
15 39 3
16 36 3
17 73 6
18 73 8
19 24 36
20 76 6
21 76 10
22 76 13
23 78 3
24 78 9
25 79 3
26 79 5
27 79 11
28 82 3
29 82 7
30 90 15
31 84 3
32 84 5
33 84 9
34 85 1
35 87 5
36 85 8
37 87 7
38 86 41
39 86 44
40 86 46
41 85 55
42 89 43
43 89 46
44 89 52
45 92 42
46 92 52
47 94 42
48 94 44
49 94 48
50 96 42
51 99 46
52 99 50
53 83 80
54 83 83
55 85 81
56 85 85
57 85 89
58 87 80
59 87 86
60 90 77
61 90 88
62 93 82
63 93 84
64 93 89
65 94 86
66 95 80
67 99 89
68 37 83
69 50 80
70 35 85
71 35 87
72 44 86
73 46 89
74 46 83
75 46 87
76 46 89
77 48 83
78 50 85
79 50 88
80 54 86
81 54 90
82 10 35
83 10 40
84 18 30
85 17 35
86 16 38
87 14 40
88 15 42
89 11 42
90 18 40
91 21 39
92 20 40
93 18 41
94 20 44
95 22 44
96 16 45
97 20 45
98 25 45
99 30 55
100 20 50
101 22 51
102 18 49
103 16 48
104 20 55
105 18 53
106 14 50
107 15 51
108 16 54
109 28 33
110 33 38
111 30 50
112 13 40
113 15 36
114 18 31
115 25 37
116 30 46
117 25 52
118 16 33
119 25 35
120 5 40
121 5 50
SET_SECTION
1 67 -1
2 2 3 -1
3 30 -1
4 70 68 71 -1
5 121 -1
6 41 -1
7 110 -1
8 13 -1
9 81 -1
10 17 18 20 -1
11 53 54 55 -1
12 118 85 113 -1
13 50 47 48 -1
14 99 -1
15 34 31 -1
16 95 94 97 98 -1
17 8 7 10 -1
18 108 105 107 -1
19 69 -1
20 38 39 -1
21 66 -1
22 89 83 -1
23 52 -1
24 57 -1
25 119 19 115 -1
26 15 14 -1
27 22 -1
28 33 29 36 -1
29 72 75 -1
30 116 -1
31 46 44 -1
32 101 100 117 -1
33 23 25 26 -1
34 43 40 42 -1
35 60 -1
36 64 61 -1
37 82 -1
38 90 86 91 92 93 -1
39 103 96 102 106 -1
40 120 -1
41 4 5 6 -1
42 78 79 -1
43 12 11 16 -1
44 24 21 27 -1
45 28 32 -1
46 35 37 -1
47 45 -1
48 49 -1
49 51 -1
50 56 59 -1
51 58 -1
52 63 62 65 -1
53 73 76 -1
54 74 77 -1
55 80 -1
56 84 114 -1
57 87 88 112 -1
58 104 -1
59 109 -1
60 111 -1
61 9 -1
DEMAND_SECTION
1 13
2 16
3 9
4 15
5 13
6 17
7 13
8 17
9 10
10 16
11 12
12 8
13 7
14 12
15 9
16 11
17 7
18 6
19 13
20 16
21 17
22 8
23 21
24 10
25 9
26 12
27 7
28 4
29 9
30 11
31 12
32 9
33 12
34 15
35 19
36 10
37 7
38 11
39 9
40 20
41 11
42 17
43 16
44 10
45 8
46 3
47 10
48 13
49 4
50 15
51 8
52 12
53 24
54 7
55 3
56 11
57 13
58 12
59 12
60 7
61 19
EOF