DIMENSION : 53
VEHICLES : 4
SETS : 27
CAPACITY : 100
EDGE_WEIGHT_TYPE : EUC_2D
NODE_COORD_SECTION
1 24 63
2 35 60
3 79 46
4 3 45
5 42 50
6 3 40
7 29 96
8 47 30
9 54 77
10 36 30
11 83 86
12 30 6
13 55 29
14 13 2
15 1 19
16 98 1
17 75 10
18 39 23
19 62 91
20 96 9
21 27 87
22 14 16
23 52 49
24 95 21
25 30 6
26 18 40
27 82 90
28 50 79
29 48 49
30 82 73
31 64 62
32 34 78
33 83 6
34 3 77
35 18 8
36 53 86
37 88 51
38 77 51
39 58 89
40 12 44
41 70 88
42 36 17
43 85 23
44 93 30
45 68 67
46 71 34
47 56 73
48 37 37
49 78 20
50 88 69
51 95 42
52 44 71
53 18 1
SET_SECTION
1 16 20 -1
2 34 -1
3 11 27 -1
4 53 14 35 -1
5 29 5 23 -1
6 51 37 -1
7 6 4 -1
8 7 21 -1
9 9 28 36 47 -1
10 18 42 -1
11 49 43 -1
12 15 -1
13 38 3 -1
14 32 -1
15 50 30 -1
16 2 -1
17 13 8 -1
18 24 44 -1
19 31 45 -1
20 19 39 41 -1
21 46 -1
22 26 40 -1
23 33 17 -1
24 48 10 -1
25 12 25 -1
26 22 -1
27 52 -1
DEMAND_SECTION
1 2
2 30
3 21
4 18
5 5
6 2
7 15
8 16
9 23
10 13
11 22
12 20
13 15
14 10
15 2
16 2
17 7
18 13
19 5
20 12
21 15
22 1
23 13
24 14
25 15
26 22
27 5
EOF