DIMENSION : 80
VEHICLES : 5
SETS : 40
CAPACITY : 100
EDGE_WEIGHT_TYPE : EUC_2D
NODE_COORD_SECTION
1 92 92
2 88 58
3 70 6
4 57 59
5 0 98
6 61 38
7 65 22
8 91 52
9 59 2
10 3 54
11 95 38
12 80 28
13 66 42
14 79 74
15 99 25
16 20 43
17 40 3
18 50 42
19 97 0
20 21 19
21 36 21
22 100 61
23 11 85
24 69 35
25 69 22
26 29 35
27 14 9
28 50 33
29 89 17
30 57 44
31 60 25
32 48 42
33 17 93
34 21 50
35 77 18
36 2 4
37 63 83
38 68 6
39 41 95
40 48 54
41 98 73
42 26 38
43 69 76
44 40 1
45 65 41
46 14 86
47 32 39
48 14 24
49 96 5
50 82 98
51 23 85
52 63 69
53 87 19
54 56 75
55 15 63
56 10 45
57 7 30
58 31 11
59 36 93
60 50 31
61 49 52
62 39 10
63 76 40
64 83 34
65 33 51
66 0 15
67 52 82
68 52 82
69 46 6
70 3 26
71 46 80
72 94 30
73 26 76
74 75 92
75 57 51
76 34 21
77 28 80
78 59 66
79 51 16
80 87 11
SET_SECTION
1 36 -1
2 50 74 -1
3 19 49 -1
4 5 -1
5 18 30 32 61 -1
6 10 -1
7 8 2 -1
8 39 59 -1
9 9 -1
10 52 43 78 -1
11 58 62 -1
12 12 35 64 -1
13 42 26 47 -1
14 73 51 77 -1
15 41 -1
16 70 57 -1
17 31 7 25 -1
18 15 72 -1
19 33 -1
20 14 -1
21 67 54 68 71 -1
22 13 6 24 45 63 -1
23 55 -1
24 65 -1
25 80 29 53 -1
26 11 -1
27 69 17 44 -1
28 20 48 -1
29 3 38 -1
30 4 40 75 -1
31 22 -1
32 27 -1
33 34 16 -1
34 21 76 -1
35 37 -1
36 56 -1
37 60 28 -1
38 66 -1
39 79 -1
40 23 46 -1
DEMAND_SECTION
1 2
2 12
3 16
4 5
5 11
6 23
7 25
8 15
9 9
10 9
11 21
12 12
13 12
14 8
15 13
16 8
17 13
18 7
19 9
20 12
21 8
22 13
23 2
24 6
25 16
26 9
27 6
28 7
29 18
30 21
31 13
32 4
33 1
34 10
35 12
36 14
37 13
38 2
39 2
40 24
EOF