DIMENSION : 151
VEHICLES : 6
SETS : 76
CAPACITY : 200
EDGE_WEIGHT_TYPE : EUC_2D
NODE_COORD_SECTION
1 35 35
2 41 49
3 35 17
4 55 45
5 55 20
6 15 30
7 25 30
8 20 50
9 10 43
10 55 60
11 30 60
12 20 65
13 50 35
14 30 25
15 15 10
16 30 5
17 10 20
18 5 30
19 20 40
20 15 60
21 45 65
22 45 20
23 45 10
24 55 5
25 65 35
26 65 20
27 45 30
28 35 40
29 41 37
30 64 42
31 40 60
32 31 52
33 35 69
34 53 52
35 65 55
36 63 65
37 2 60
38 20 20
39 5 5
40 60 12
41 40 25
42 42 7
43 24 12
44 23 3
45 11 14
46 6 38
47 2 48
48 8 56
49 13 52
50 6 68
51 47 47
52 49 58
53 27 43
54 37 31
55 57 29
56 63 23
57 53 12
58 32 12
59 36 26
60 21 24
61 17 34
62 12 24
63 24 58
64 27 69
65 15 77
66 62 77
67 49 73
68 67 5
69 56 39
70 37 47
71 37 56
72 57 68
73 47 16
74 44 17
75 46 13
76 49 11
77 49 42
78 53 43
79 61 52
80 57 48
81 56 37
82 55 54
83 15 47
84 14 37
85 11 31
86 16 22
87 4 18
88 28 18
89 26 52
90 26 35
91 31 67
92 15 19
93 22 22
94 18 24
95 26 27
96 25 24
97 22 27
98 25 21
99 19 21
100 20 26
101 18 18
102 37 52
103 49 49
104 52 64
105 20 26
106 40 30
107 21 47
108 17 63
109 31 62
110 52 33
111 51 21
112 42 41
113 31 32
114 5 25
115 12 42
116 36 16
117 52 41
118 27 23
119 17 33
120 13 13
121 57 58
122 62 42
123 42 57
124 16 57
125 8 52
126 7 38
127 27 68
128 30 48
129 43 67
130 58 48
131 58 27
132 37 69
133 38 46
134 46 10
135 61 33
136 62 63
137 63 69
138 32 22
139 45 35
140 59 15
141 5 6
142 10 17
143 21 10
144 5 64
145 30 15
146 39 10
147 32 39
148 25 32
149 25 55
150 48 28
151 56 37
SET_SECTION
1 66 -1
2 39 141 -1
3 68 -1
4 144 50 -1
5 29 112 139 -1
6 33 91 132 -1
7 6 61 85 119 -1
8 146 42 -1
9 79 -1
10 8 107 -1
11 131 55 -1
12 44 -1
13 14 95 138 -1
14 47 -1
15 65 -1
16 102 71 -1
17 104 -1
18 57 76 -1
19 12 108 -1
20 87 -1
21 69 81 151 -1
22 101 38 92 99 -1
23 103 51 -1
24 22 74 -1
25 36 136 137 -1
26 46 126 -1
27 90 148 -1
28 11 109 -1
29 25 135 -1
30 26 56 -1
31 145 58 88 -1
32 15 -1
33 31 123 -1
34 48 125 -1
35 67 -1
36 150 27 -1
37 5 111 -1
38 18 -1
39 19 -1
40 53 -1
41 64 127 -1
42 97 7 60 100 105 -1
43 124 20 -1
44 129 21 -1
45 13 110 -1
46 16 -1
47 24 -1
48 28 147 -1
49 30 122 -1
50 40 140 -1
51 41 59 -1
52 43 143 -1
53 52 -1
54 54 106 -1
55 62 17 -1
56 75 23 73 134 -1
57 77 117 -1
58 84 -1
59 121 10 -1
60 149 63 89 -1
61 4 78 80 130 -1
62 9 115 -1
63 32 128 -1
64 45 120 142 -1
65 49 -1
66 72 -1
67 98 93 96 118 -1
68 113 -1
69 116 3 -1
70 133 2 70 -1
71 34 82 -1
72 35 -1
73 37 -1
74 83 -1
75 94 86 -1
76 114 -1
DEMAND_SECTION
1 20
2 11
3 25
4 20
5 16
6 12
7 19
8 7
9 3
10 10
11 18
12 7
13 19
14 1
15 9
16 6
17 16
18 12
19 15
20 35
21 17
22 9
23 21
24 10
25 10
26 22
27 20
28 19
29 14
30 4
31 16
32 20
33 14
34 18
35 25
36 17
37 12
38 2
39 12
40 9
41 8
42 12
43 16
44 11
45 15
46 8
47 29
48 10
49 8
50 22
51 13
52 9
53 10
54 17
55 16
56 18
57 14
58 11
59 22
60 15
61 14
62 15
63 21
64 18
65 36
66 15
67 9
68 29
69 8
70 9
71 18
72 14
73 5
74 16
75 31
76 23
EOF