DIMENSION : 54
VEHICLES : 4
SETS : 27
CAPACITY : 100
EDGE_WEIGHT_TYPE : EUC_2D
NODE_COORD_SECTION
1 61 5
2 85 53
3 17 57
4 49 93
5 69 11
6 87 15
7 49 39
8 87 23
9 19 83
10 69 87
11 69 43
12 49 67
13 17 61
14 45 61
15 21 53
16 71 37
17 53 23
18 77 63
19 89 7
20 21 83
21 77 25
22 85 95
23 43 93
24 75 25
25 1 43
26 7 7
27 81 69
28 23 57
29 81 15
30 77 35
31 49 3
32 21 93
33 41 37
34 71 91
35 31 13
36 69 33
37 91 47
38 13 69
39 65 75
40 91 27
41 9 85
42 15 19
43 7 37
44 61 11
45 59 83
46 85 69
47 15 29
48 1 13
49 1 83
50 85 31
51 95 25
52 5 33
53 51 11
54 51 85
SET_SECTION
1 49 41 -1
2 19 -1
3 22 -1
4 26 48 -1
5 7 33 -1
6 23 4 -1
7 37 2 -1
8 25 -1
9 31 53 -1
10 39 -1
11 28 3 13 15 -1
12 24 21 36 -1
13 14 12 -1
14 32 9 20 -1
15 35 -1
16 46 18 27 -1
17 47 42 -1
18 11 16 -1
19 51 8 40 -1
20 17 -1
21 38 -1
22 5 44 -1
23 34 10 -1
24 50 30 -1
25 29 6 -1
26 52 43 -1
27 54 45 -1
DEMAND_SECTION
1 16
2 2
3 23
4 18
5 10
6 19
7 14
8 12
9 8
10 18
11 14
12 3
13 5
14 14
15 2
16 11
17 4
18 10
19 12
20 23
21 13
22 18
23 14
24 13
25 10
26 9
27 28
EOF