DIMENSION : 33
VEHICLES : 2
SETS : 11
CAPACITY : 100
EDGE_WEIGHT_TYPE : EUC_2D
NODE_COORD_SECTION
1 42 68
2 77 97
3 28 64
4 77 39
5 32 33
6 32 8
7 42 92
8 8 3
9 7 14
10 82 17
11 48 13
12 53 82
13 39 27
14 7 24
15 67 98
16 54 52
17 72 43
18 73 3
19 59 77
20 58 97
21 23 43
22 68 98
23 47 62
24 52 72
25 32 88
26 39 7
27 17 8
28 38 7
29 58 74
30 82 67
31 42 7
32 68 82
33 7 48
SET_SECTION
1 8 9 14 27 -1
2 2 15 22 -1
3 10 18 -1
4 3 -1
5 13 5 6 11 26 28 31 -1
6 7 20 25 -1
7 30 -1
8 16 23 -1
9 33 21 -1
10 4 17 -1
11 19 12 24 29 32 -1
DEMAND_SECTION
1 13
2 8
3 21
4 23
5 15
6 15
7 8
8 18
9 5
10 12
11 14
EOF