DIMENSION : 101
VEHICLES : 2
SETS : 34
CAPACITY : 400
EDGE_WEIGHT_TYPE : EUC_2D
NODE_COORD_SECTION
1 35 35
2 41 49
3 35 17
4 55 45
5 55 20
6 15 30
7 25 30
8 20 50
9 10 43
10 55 60
11 30 60
12 20 65
13 50 35
14 30 25
15 15 10
16 30 5
17 10 20
18 5 30
19 20 40
20 15 60
21 45 65
22 45 20
23 45 10
24 55 5
25 65 35
26 65 20
27 45 30
28 35 40
29 41 37
30 64 42
31 40 60
32 31 52
33 35 69
34 53 52
35 65 55
36 63 65
37 2 60
38 20 20
39 5 5
40 60 12
41 40 25
42 42 7
43 24 12
44 23 3
45 11 14
46 6 38
47 2 48
48 8 56
49 13 52
50 6 68
51 47 47
52 49 58
53 27 43
54 37 31
55 57 29
56 63 23
57 53 12
58 32 12
59 36 26
60 21 24
61 17 34
62 12 24
63 24 58
64 27 69
65 15 77
66 62 77
67 49 73
68 67 5
69 56 39
70 37 47
71 37 56
72 57 68
73 47 16
74 44 17
75 46 13
76 49 11
77 49 42
78 53 43
79 61 52
80 57 48
81 56 37
82 55 54
83 15 47
84 14 37
85 11 31
86 16 22
87 4 18
88 28 18
89 26 52
90 26 35
91 31 67
92 15 19
93 22 22
94 18 24
95 26 27
96 25 24
97 22 27
98 25 21
99 19 21
100 20 26
101 18 18
SET_SECTION
1 66 -1
2 39 -1
3 68 -1
4 50 37 -1
5 29 28 54 -1
6 46 9 18 84 85 -1
7 33 64 91 -1
8 58 3 16 43 88 -1
9 79 35 80 82 -1
10 5 40 55 -1
11 86 6 17 38 60 62 92 93 94 97 99 100 101 -1
12 89 8 32 63 -1
13 25 30 -1
14 90 7 19 53 61 -1
15 12 20 -1
16 67 -1
17 23 42 73 74 75 76 -1
18 44 -1
19 49 48 83 -1
20 52 10 34 -1
21 65 -1
22 87 -1
23 2 51 70 -1
24 36 72 -1
25 41 22 27 59 -1
26 78 4 69 77 -1
27 15 45 -1
28 24 57 -1
29 47 -1
30 14 95 96 98 -1
31 26 56 -1
32 11 -1
33 13 81 -1
34 31 21 71 -1
DEMAND_SECTION
1 20
2 16
3 25
4 17
5 15
6 9
7 12
8 10
9 16
10 22
11 15
12 15
13 6
14 8
15 14
16 25
17 13
18 7
19 26
20 12
21 9
22 35
23 9
24 11
25 13
26 19
27 19
28 17
29 1
30 20
31 4
32 16
33 12
34 11
EOF