DIMENSION : 63
VEHICLES : 3
SETS : 21
CAPACITY : 100
EDGE_WEIGHT_TYPE : EUC_2D
NODE_COORD_SECTION
1 73 89
2 97 22
3 19 31
4 23 95
5 18 89
6 60 94
7 9 26
8 71 7
9 10 80
10 27 64
11 46 32
12 26 0
13 8 8
14 63 101
15 16 10
16 30 69
17 26 103
18 20 0
19 99 32
20 16 33
21 79 13
22 18 30
23 27 41
24 34 4
25 19 0
26 12 33
27 11 28
28 101 0
29 69 98
30 69 102
31 15 81
32 26 90
33 65 100
34 14 29
35 21 40
36 10 29
37 81 10
38 53 37
39 31 9
40 21 36
41 24 98
42 15 14
43 28 36
44 19 0
45 30 102
46 81 15
47 12 86
48 30 65
49 66 99
50 17 89
51 102 29
52 16 31
53 17 33
54 32 8
55 11 11
56 61 102
57 16 88
58 29 9
59 15 9
60 14 85
61 63 95
62 29 32
63 19 32
SET_SECTION
1 13 15 42 55 59 -1
2 30 14 29 33 49 56 -1
3 28 -1
4 9 31 -1
5 38 -1
6 19 51 -1
7 35 23 40 -1
8 8 -1
9 45 17 41 -1
10 24 39 54 58 -1
11 48 10 16 -1
12 7 27 36 -1
13 18 12 25 44 -1
14 32 4 -1
15 46 21 37 -1
16 6 61 -1
17 62 43 -1
18 2 -1
19 22 3 20 26 34 52 53 63 -1
20 57 5 47 50 60 -1
21 11 -1
DEMAND_SECTION
1 10
2 18
3 6
4 12
5 4
6 16
7 16
8 12
9 18
10 14
11 19
12 10
13 9
14 12
15 25
16 12
17 14
18 18
19 14
20 17
21 14
EOF