DIMENSION : 50
VEHICLES : 4
SETS : 17
CAPACITY : 100
EDGE_WEIGHT_TYPE : EUC_2D
NODE_COORD_SECTION
1 40 40
2 22 22
3 36 26
4 21 45
5 45 35
6 55 20
7 33 34
8 50 50
9 55 45
10 26 59
11 40 66
12 55 65
13 35 51
14 62 35
15 62 57
16 62 24
17 21 36
18 33 44
19 9 56
20 62 48
21 66 14
22 44 13
23 26 13
24 11 28
25 7 43
26 17 64
27 41 46
28 55 34
29 35 16
30 52 26
31 43 26
32 31 76
33 22 53
34 26 29
35 50 40
36 55 50
37 54 10
38 60 15
39 47 66
40 30 60
41 30 50
42 12 17
43 15 14
44 16 19
45 21 48
46 50 30
47 51 42
48 50 15
49 48 21
50 12 38
SET_SECTION
1 21 38 -1
2 19 26 -1
3 12 -1
4 43 2 23 42 44 -1
5 5 35 46 47 -1
6 32 -1
7 17 34 -1
8 22 29 37 48 -1
9 13 18 27 40 41 -1
10 20 8 9 15 36 -1
11 3 7 31 -1
12 6 16 30 49 -1
13 11 39 -1
14 14 28 -1
15 24 -1
16 25 50 -1
17 33 4 10 45 -1
DEMAND_SECTION
1 18
2 13
3 37
4 14
5 24
6 25
7 23
8 22
9 20
10 17
11 22
12 15
13 25
14 14
15 6
16 16
17 21
EOF