DIMENSION : 51
VEHICLES : 4
SETS : 17
CAPACITY : 80
EDGE_WEIGHT_TYPE : EUC_2D
NODE_COORD_SECTION
1 30 40
2 37 52
3 49 49
4 52 64
5 20 26
6 40 30
7 21 47
8 17 63
9 31 62
10 52 33
11 51 21
12 42 41
13 31 32
14 5 25
15 12 42
16 36 16
17 52 41
18 27 23
19 17 33
20 13 13
21 57 58
22 62 42
23 42 57
24 16 57
25 8 52
26 7 38
27 27 68
28 30 48
29 43 67
30 58 48
31 58 27
32 37 69
33 38 46
34 46 10
35 61 33
36 62 63
37 63 69
38 32 22
39 45 35
40 59 15
41 5 6
42 10 17
43 21 10
44 5 64
45 30 15
46 39 10
47 32 39
48 25 32
49 25 55
50 48 28
51 56 37
SET_SECTION
1 37 36 -1
2 41 20 -1
3 44 25 -1
4 40 -1
5 47 12 13 -1
6 22 30 35 51 -1
7 32 9 27 29 -1
8 26 15 -1
9 45 16 38 43 -1
10 49 7 8 24 -1
11 50 6 10 11 31 39 -1
12 3 17 -1
13 5 18 19 48 -1
14 34 46 -1
15 14 42 -1
16 2 23 28 33 -1
17 4 21 -1
DEMAND_SECTION
1 11
2 8
3 10
4 14
5 17
6 12
7 13
8 24
9 12
10 16
11 14
12 22
13 19
14 16
15 25
16 10
17 22
EOF