DIMENSION : 70
VEHICLES : 4
SETS : 24
CAPACITY : 135
EDGE_WEIGHT_TYPE : EUC_2D
NODE_COORD_SECTION
1 40 40
2 22 22
3 36 26
4 21 45
5 45 35
6 55 20
7 33 34
8 50 50
9 55 45
10 26 59
11 40 66
12 55 65
13 35 51
14 62 35
15 62 57
16 62 24
17 21 36
18 33 44
19 9 56
20 62 48
21 66 14
22 44 13
23 26 13
24 11 28
25 7 43
26 17 64
27 41 46
28 55 34
29 35 16
30 52 26
31 43 26
32 31 76
33 22 53
34 26 29
35 50 40
36 55 50
37 54 10
38 60 15
39 47 66
40 30 60
41 30 50
42 12 17
43 15 14
44 16 19
45 21 48
46 50 30
47 51 42
48 50 15
49 48 21
50 12 38
51 15 56
52 29 39
53 54 38
54 55 57
55 67 41
56 10 70
57 6 25
58 65 27
59 40 60
60 70 64
61 64 4
62 36 6
63 30 20
64 20 30
65 15 5
66 50 70
67 57 72
68 45 42
69 38 33
70 50 4
SET_SECTION
1 61 21 -1
2 56 26 -1
3 60 -1
4 42 24 43 44 57 -1
5 5 28 31 35 46 68 69 -1
6 11 39 59 -1
7 4 17 45 52 -1
8 62 -1
9 55 14 -1
10 6 30 38 49 -1
11 34 2 3 7 64 -1
12 54 15 -1
13 10 33 40 -1
14 67 12 66 -1
15 19 51 -1
16 70 37 -1
17 25 50 -1
18 32 -1
19 9 8 20 36 47 53 -1
20 13 18 27 41 -1
21 23 29 63 -1
22 58 16 -1
23 65 -1
24 22 48 -1
DEMAND_SECTION
1 17
2 10
3 24
4 15
5 21
6 23
7 14
8 15
9 14
10 17
11 20
12 26
13 24
14 27
15 17
16 10
17 16
18 25
19 17
20 21
21 19
22 11
23 28
24 23
EOF