DIMENSION : 64
VEHICLES : 4
SETS : 22
CAPACITY : 100
EDGE_WEIGHT_TYPE : EUC_2D
NODE_COORD_SECTION
1 59 73
2 79 65
3 73 27
4 41 81
5 11 93
6 13 89
7 11 15
8 71 81
9 77 89
10 41 87
11 44 94
12 51 101
13 42 92
14 58 104
15 14 94
16 18 90
17 60 102
18 72 86
19 45 95
20 20 90
21 74 32
22 78 90
23 18 98
24 78 36
25 16 90
26 78 36
27 80 74
28 78 92
29 52 108
30 49 97
31 72 82
32 72 88
33 42 82
34 50 92
35 82 94
36 16 94
37 18 94
38 42 88
39 78 94
40 80 32
41 84 96
42 76 82
43 78 30
44 88 68
45 18 20
46 18 20
47 74 82
48 47 95
49 18 94
50 86 68
51 45 95
52 14 102
53 82 66
54 14 16
55 76 86
56 18 102
57 58 106
58 76 34
59 18 18
60 14 96
61 18 94
62 46 96
63 82 70
64 76 28
SET_SECTION
1 7 54 -1
2 41 35 -1
3 5 6 -1
4 43 21 40 64 -1
5 48 11 19 30 34 51 62 -1
6 2 53 -1
7 8 31 42 47 -1
8 57 14 17 -1
9 4 33 -1
10 56 23 52 -1
11 9 22 28 39 55 -1
12 20 16 25 -1
13 27 63 -1
14 44 50 -1
15 45 46 59 -1
16 12 -1
17 38 10 13 -1
18 3 -1
19 24 26 58 -1
20 29 -1
21 18 32 -1
22 36 15 37 49 60 61 -1
DEMAND_SECTION
1 19
2 21
3 13
4 10
5 16
6 17
7 8
8 12
9 4
10 10
11 12
12 9
13 11
14 39
15 13
16 20
17 14
18 15
19 15
20 14
21 12
22 13
EOF